2328	1491.439000	1491.579000	0.140000	ThinSawCompensate : 1491.579000

2316	1098.989000	1099.052000	0.063000	MaskOChamfer : 1099.052000

2312	1105.089000	1426.762000	321.673000	GenInspProf : 1426.762000

2324	1125.801000	1357.265000	231.464000	A3DDetectSawMarkxy : 1357.265000

2764	1125.263000	1126.596000	1.333000	A3DSawMarkDet_Warp : 1126.596000

2320	1399.092000	1402.731000	3.639000	A3D_DetectSawMark_info : 1402.731000

2312	1025.465000	1054.456000	28.991000	Shear5egProfileWrapperSubmitJob : 1054.456000

2316	1026.554000	1026.561000	0.007000	DeRptPattern : 1026.561000

2312	1233.086000	1248.867000	15.781000	DetectSharpPeak_x : 1248.867000

2328	1490.606000	1491.010000	0.404000	DetectShadowSaw : 1491.010000

2328	1104.749000	1398.395000	293.646000	GenInspProf : 1398.395000

2328	1446.290000	1447.154000	0.864000	ReduceBuffer : 1447.154000

2324	1428.245000	1437.309000	9.064000	CalThickBuf : 1437.309000

2312	1283.284000	1368.289000	85.005000	A3D_SawMarkRfactor : 1368.289000

2764	1098.985000	1099.048000	0.063000	MaskOChamfer : 1099.048000

2324	1457.274000	1462.432000	5.158000	A3D_DEFilterWithMask_wb : 1462.432000

2764	1375.903000	1382.282000	6.379000	RoughnessX : 1382.282000

2316	1392.071000	1398.855000	6.784000	RoughnessX : 1398.855000

2320	1308.995000	1387.205000	78.210000	A3D_SawMarkRfactor : 1387.205000

2312	1427.258000	1428.213000	0.955000	ReduceBuffer : 1428.213000

2320	1112.887000	1471.074000	358.187000	GenInspProf : 1471.074000

2324	1455.417000	1455.628000	0.211000	AbsMaxDiffOp : 1455.628000

2316	1387.120000	1391.563000	4.443000	A3DDetectSawMarkxy3 : 1391.563000

2328	1362.644000	1368.869000	6.225000	A3D_DetectSawMark_info : 1368.869000

2312	1251.384000	1262.014000	10.630000	A3D_DEFilterWithMask_wb1 : 1262.014000

2764	1079.820000	1537.627000	457.807000	InspectSinglePSubmitJob : 1537.627000

2320	1392.097000	1399.089000	6.992000	RoughnessX : 1399.089000

2324	1488.596000	1488.647000	0.051000	TTV : 1488.647000

2324	1104.743000	1427.210000	322.467000	GenInspProf : 1427.210000

2312	1262.036000	1283.276000	21.240000	A3D_DetectSawMark_xy : 1283.276000

2320	1099.263000	1104.768000	5.505000	IgnoreChamferMaskWrapperSubmitJob : 1104.768000

2324	1343.291000	1357.256000	13.965000	A3DDetectSawMarkxy3 : 1357.256000

2764	1475.623000	1476.143000	0.520000	AbsMaxDiffOp : 1476.143000

2324	1099.015000	1099.099000	0.084000	IgnoreChamferMaskWrapperSubmitJob : 1099.099000

2328	1122.816000	1221.165000	98.349000	A3D_DetectSawMark_Filt : 1221.165000

2312	1382.975000	1386.845000	3.870000	A3D_DetectSawMark_info : 1386.845000

2320	1137.796000	1391.623000	253.827000	A3DDetectSawMarkxy : 1391.623000

2764	1097.423000	1098.961000	1.538000	A3D_INS_CorrectProfileNB_LR : 1098.961000

2320	1516.804000	1520.576000	3.772000	A3D_DetectSawMarkWithR : 1520.576000

2324	1123.416000	1123.419000	0.003000	ErodeDerippleMask : 1123.419000

2320	1516.642000	1516.800000	0.158000	ThinSawCompensate : 1516.800000

2324	1262.608000	1343.262000	80.654000	A3D_SawMarkRfactor : 1343.262000

2764	1002.379000	1027.037000	24.658000	CompensateProfileVib : 1027.037000

2764	1446.269000	1447.184000	0.915000	ReduceBufferSubmitJob : 1447.184000

2316	1135.115000	1249.268000	114.153000	A3D_DetectSawMark_Filt : 1249.268000

2316	1402.555000	1471.694000	69.139000	RoughnessAll : 1471.694000

2316	1112.939000	1135.048000	22.109000	A3DMeshInterp : 1135.048000

2328	1104.782000	1122.752000	17.970000	A3DMeshInterp : 1122.752000

2316	1026.601000	1055.914000	29.313000	ResizeProfile : 1055.914000

2764	1537.998000	1538.002000	0.004000	ZoomInInspectResult : 1538.002000

2316	1274.363000	1285.175000	10.812000	A3D_DEFilterWithMask_wb1 : 1285.175000

2764	1510.385000	1510.483000	0.098000	TTV : 1510.483000

2312	1002.390000	1025.445000	23.055000	CompensateProfileVib : 1025.445000

2764	2.155000	1538.007000	1535.852000	m_inspResult->inspResult.m_rTotalInspTime : 1538.007000

2764	1494.919000	1501.386000	6.467000	DetectSawMark_info : 1501.386000

2324	1482.296000	1488.589000	6.293000	DetectSawMark_info_Thk : 1488.589000

2316	1112.900000	1471.698000	358.798000	GenInspProf : 1471.698000

2324	1104.778000	1123.407000	18.629000	A3DMeshInterp : 1123.407000

2312	1466.750000	1467.127000	0.377000	DetectShadowSaw : 1467.127000

2764	1447.188000	1456.241000	9.053000	CalThickBuf : 1456.241000

2328	2.571000	7.254000	4.683000	EmptyProfileWrapper : 7.254000

2312	1125.294000	1376.312000	251.018000	A3DDetectSawMarkxy : 1376.312000

2316	1026.565000	1026.589000	0.024000	ShearProfile_unaccurate : 1026.589000

2764	1382.289000	1385.970000	3.681000	A3D_DetectSawMark_info : 1385.970000

2764	1105.070000	1446.257000	341.187000	GenerateProfileForInspectWrapperSubmitJob : 1446.257000

2316	1026.482000	1056.118000	29.636000	Shear5egProfileWrapperSubmitJob : 1056.118000

2764	2.524000	7.596000	5.072000	MallocFullProfBufferAndEmpty : 7.596000

2764	1385.978000	1446.234000	60.256000	RoughnessAll : 1446.234000

2324	1370.294000	1427.207000	56.913000	RoughnessAll : 1427.207000

2328	1122.802000	1354.468000	231.666000	A3DDetectSawMarkxy : 1354.468000

2316	1135.096000	1391.569000	256.473000	A3DDetectSawMarkxy : 1391.569000

2316	1112.912000	1112.928000	0.016000	ErodeProfile : 1112.928000

2764	1079.852000	1097.401000	17.549000	ShearProfileWrapperSubmitJob : 1097.401000

2320	1501.306000	1501.563000	0.257000	AbsMaxDiffOp : 1501.563000

2316	1249.285000	1271.865000	22.580000	DetectSharpPeak_x : 1271.865000

2320	1137.809000	1250.512000	112.703000	A3D_DetectSawMark_Filt : 1250.512000

2324	1223.623000	1232.188000	8.565000	DetectSharpPeak_x : 1232.188000

2324	1234.157000	1242.225000	8.068000	A3D_DEFilterWithMask_wb1 : 1242.225000

2312	1025.595000	1054.162000	28.567000	ResizeProfile : 1054.162000

2320	1515.656000	1527.842000	12.186000	SingleSideSawMarkJob : 1527.842000

2764	1002.293000	1537.994000	535.701000	m_inspResult->inspResult.m_rApplInspTime : 1537.994000

2320	1135.082000	1135.092000	0.010000	ErodeDerippleMask : 1135.092000

2312	1002.374000	1054.471000	52.097000	Shear5degSinglePair : 1054.471000

2320	1503.534000	1510.364000	6.830000	A3D_DEFilterWithMask_wb : 1510.364000

2320	1527.847000	1530.456000	2.609000	thicknessSawMark : 1530.456000

2324	1026.615000	1056.106000	29.491000	ResizeProfile : 1056.106000

2320	1515.678000	1516.166000	0.488000	DetectShadowSaw : 1516.166000

2764	1027.083000	1027.086000	0.003000	DeRptPattern : 1027.086000

2764	7.754000	1002.238000	994.484000	m_inspResult->inspResult.m_rConstructAndMergeTime : 1002.238000

2320	1027.132000	1027.137000	0.005000	ShearProfile_unaccurate : 1027.137000

2320	1537.490000	1537.536000	0.046000	TTV : 1537.536000

2764	1262.021000	1282.863000	20.842000	A3D_DetectSawMark_xy : 1282.863000

2320	1530.873000	1537.484000	6.611000	DetectSawMark_info_Thk : 1537.484000

2328	1491.582000	1494.835000	3.253000	A3D_DetectSawMarkWithR : 1494.835000

2764	1537.704000	1537.972000	0.268000	Bow2 : 1537.972000

2764	1027.090000	1027.114000	0.024000	ShearProfile_unaccurate : 1027.114000

2324	1488.650000	1488.702000	0.052000	Bow : 1488.702000

2764	1002.350000	1056.132000	53.782000	Shear5degSiSubmitJob : 1056.132000

2320	2.577000	7.215000	4.638000	EmptyProfileWrapper : 7.215000

2328	1258.341000	1339.584000	81.243000	A3D_SawMarkRfactor : 1339.584000

2324	1079.861000	1097.628000	17.767000	ShearProfileWrapperSubmitJob : 1097.628000

2764	2.535000	7.593000	5.058000	EmptyProfSubmitJob : 7.593000

2320	1097.417000	1099.258000	1.841000	A3D_INS_CorrectProfileNB_LR : 1099.258000

2312	1105.101000	1105.110000	0.009000	ErodeProfile : 1105.110000

2764	1027.126000	1055.972000	28.846000	ResizeProfile : 1055.972000

2324	1364.274000	1370.285000	6.011000	A3D_DetectSawMark_info : 1370.285000

2324	1097.633000	1099.009000	1.376000	A3D_INS_CorrectProfileNB_LR : 1099.009000

2320	1250.539000	1272.565000	22.026000	DetectSharpPeak_x : 1272.565000

2764	1510.486000	1510.564000	0.078000	Bow : 1510.564000

2320	1530.459000	1530.870000	0.411000	ThinSawCompensate_Thk : 1530.870000

2324	1481.809000	1482.293000	0.484000	ThinSawCompensate_Thk : 1482.293000

2324	1455.631000	1466.715000	11.084000	ThickDiffOp : 1466.715000

2764	1490.576000	1501.410000	10.834000	SingleSideSawMarkJob : 1501.410000

2324	1242.242000	1262.597000	20.355000	A3D_DetectSawMark_xy : 1262.597000

2312	1470.753000	1479.388000	8.635000	DetectSawMark_info : 1479.388000

2312	1386.854000	1426.757000	39.903000	RoughnessAll : 1426.757000

2312	1105.121000	1125.219000	20.098000	A3DMeshInterp : 1125.219000

2764	1476.152000	1490.573000	14.421000	ThickDiffOp : 1490.573000

2324	1466.721000	1479.418000	12.697000	SingleSideSawMarkJob : 1479.418000

2320	1471.747000	1473.044000	1.297000	ReduceBuffer : 1473.044000

2764	1479.047000	1485.688000	6.641000	A3D_DEFilterWithMask_wb : 1485.688000

2324	1437.786000	1441.042000	3.256000	InterpolateBeltRegion:fill : 1441.042000

2324	1125.808000	1223.598000	97.790000	A3D_DetectSawMark_Filt : 1223.598000

2328	1025.567000	1025.589000	0.022000	DeRptPattern : 1025.589000

2328	1221.197000	1229.408000	8.211000	DetectSharpPeak_x : 1229.408000

2764	1126.601000	1375.007000	248.406000	A3DDetectSawMarkxy : 1375.007000

2320	1274.801000	1285.382000	10.581000	A3D_DEFilterWithMask_wb1 : 1285.382000

2324	1079.846000	1488.714000	408.868000	InspSinglePair : 1488.714000

2316	1002.395000	1026.464000	24.069000	CompensateProfileVib : 1026.464000

2320	1079.840000	1537.612000	457.772000	InspSinglePair : 1537.612000

2320	1402.735000	1471.068000	68.333000	RoughnessAll : 1471.068000

2708	2.337000	7.146000	4.809000	PrepareBeforeHwTrig : 7.146000

2764	1105.096000	1105.105000	0.009000	ErodeProfile : 1105.105000

2324	1427.255000	1428.197000	0.942000	ReduceBuffer : 1428.197000

2312	1125.302000	1233.078000	107.776000	A3D_DetectSawMark_Filt : 1233.078000

2324	1104.754000	1104.764000	0.010000	ErodeProfile : 1104.764000

2764	1491.432000	1491.571000	0.139000	ThinSawCompensate : 1491.571000

2764	1002.297000	1537.990000	535.693000	InspeAlg : 1537.990000

2764	1366.937000	1374.998000	8.061000	A3DDetectSawMarkxy3 : 1374.998000

2320	1285.387000	1308.989000	23.602000	A3D_DetectSawMark_xy : 1308.989000

2764	1504.338000	1510.375000	6.037000	DetectSawMark_info_Thk : 1510.375000

2764	2.561000	7.159000	4.598000	EmptyProfileWrapper : 7.159000

2764	1027.044000	1055.992000	28.948000	Shear5egProfileWrapperSubmitJob : 1055.992000

2320	1471.730000	1473.089000	1.359000	ReduceBufferSubmitJob : 1473.089000

2320	1027.140000	1055.744000	28.604000	ResizeProfile : 1055.744000

2316	1398.858000	1402.551000	3.693000	A3D_DetectSawMark_info : 1402.551000

2764	1105.085000	1446.238000	341.153000	GenInspProf : 1446.238000

2764	1126.606000	1232.568000	105.962000	A3D_DetectSawMark_Filt : 1232.568000

2312	1467.659000	1470.749000	3.090000	A3D_DetectSawMarkWithR : 1470.749000

2312	1125.247000	1125.259000	0.012000	ErodeDerippleMask : 1125.259000

2312	1368.304000	1376.306000	8.002000	A3DDetectSawMarkxy3 : 1376.306000

2328	1368.882000	1398.390000	29.508000	RoughnessAll : 1398.390000

2324	1479.424000	1481.804000	2.380000	thicknessSawMark : 1481.804000

2328	1025.607000	1054.408000	28.801000	ResizeProfile : 1054.408000

2764	1456.244000	1460.052000	3.808000	InterpolateBeltRegion : 1460.052000

2328	1339.613000	1354.453000	14.840000	A3DDetectSawMarkxy3 : 1354.453000

2320	1079.857000	1097.409000	17.552000	ShearProfileWrapperSubmitJob : 1097.409000

2320	1473.097000	1483.206000	10.109000	CalThickBuf : 1483.206000

2324	1437.314000	1441.045000	3.731000	InterpolateBeltRegion : 1441.045000

2764	2.159000	2.205000	0.046000	GetGrabProxies : 2.205000

2328	1025.600000	1025.604000	0.004000	ShearProfile_unaccurate : 1025.604000

2324	1104.727000	1427.226000	322.499000	GenerateProfileForInspectWrapperSubmitJob : 1427.226000

2324	1427.239000	1428.239000	1.000000	ReduceBufferSubmitJob : 1428.239000

2312	4.074000	7.578000	3.504000	EmptyProfileWrapper : 7.578000

2328	1104.759000	1104.773000	0.014000	ErodeProfile : 1104.773000

2764	1490.598000	1491.002000	0.404000	DetectShadowSaw : 1491.002000

2312	1025.545000	1025.558000	0.013000	DeRptPattern : 1025.558000

2764	1125.241000	1125.250000	0.009000	ErodeDerippleMask : 1125.250000

2764	1456.248000	1456.845000	0.597000	InterpolateBeltRegion:Fitting : 1456.845000

2328	1122.788000	1122.793000	0.005000	ErodeDerippleMask : 1122.793000

2764	1002.371000	1055.997000	53.626000	Shear5degSinglePair : 1055.997000

2312	1025.562000	1025.574000	0.012000	ShearProfile_unaccurate : 1025.574000

2316	1285.195000	1308.976000	23.781000	A3D_DetectSawMark_xy : 1308.976000

2764	1446.285000	1447.141000	0.856000	ReduceBuffer : 1447.141000

2320	1112.934000	1135.032000	22.098000	A3DMeshInterp : 1135.032000

2316	1309.007000	1387.116000	78.109000	A3D_SawMarkRfactor : 1387.116000

2324	1123.424000	1125.795000	2.371000	A3DSawMarkDet_Warp : 1125.795000

2320	1501.567000	1515.651000	14.084000	ThickDiffOp : 1515.651000

2764	1232.587000	1248.759000	16.172000	DetectSharpPeak_x : 1248.759000

2316	1002.385000	1056.122000	53.737000	Shear5degSinglePair : 1056.122000

2324	1026.574000	1026.595000	0.021000	DeRptPattern : 1026.595000

2764	1282.886000	1366.929000	84.043000	A3D_SawMarkRfactor : 1366.929000

2324	1099.026000	1099.085000	0.059000	MaskOChamfer : 1099.085000

2320	1537.538000	1537.601000	0.063000	Bow : 1537.601000

2756	0.009000	2.121000	2.112000	StartOTF : 2.121000

2324	1026.607000	1026.612000	0.005000	ShearProfile_unaccurate : 1026.612000

2316	1471.751000	1473.039000	1.288000	ReduceBuffer : 1473.039000

2328	1494.839000	1501.313000	6.474000	DetectSawMark_info : 1501.313000

2764	1056.137000	1061.597000	5.460000	DetectWaferAngle : 1061.597000

2320	1135.105000	1137.782000	2.677000	A3DSawMarkDet_Warp : 1137.782000

2764	1002.246000	1002.288000	0.042000	ResetGrabber : 1002.288000

2324	2.583000	7.241000	4.658000	EmptyProfileWrapper : 7.241000

2764	1251.255000	1261.995000	10.740000	A3D_DEFilterWithMask_wb1 : 1261.995000

2312	1099.030000	1099.090000	0.060000	MaskOChamfer : 1099.090000

2312	1376.965000	1382.971000	6.006000	RoughnessX : 1382.971000

2324	1358.091000	1364.260000	6.169000	RoughnessX : 1364.260000

2316	2.565000	7.193000	4.628000	EmptyProfileWrapper : 7.193000

2320	1027.096000	1027.120000	0.024000	DeRptPattern : 1027.120000

2764	1098.969000	1099.062000	0.093000	IgnoreChamferMaskWrapperSubmitJob : 1099.062000

2764	1105.115000	1125.231000	20.116000	A3DMeshInterp : 1125.231000

2324	1437.317000	1437.783000	0.466000	InterpolateBeltRegion:Fitting : 1437.783000

2764	1079.837000	1510.584000	430.747000	InspSinglePair : 1510.584000

2764	1491.574000	1494.916000	3.342000	A3D_DetectSawMarkWithR : 1494.916000

2320	1112.818000	1471.713000	358.895000	GenerateProfileForInspectWrapperSubmitJob : 1471.713000

2764	1503.750000	1504.334000	0.584000	ThinSawCompensate_Thk : 1504.334000

2320	1520.579000	1527.728000	7.149000	DetectSawMark_info : 1527.728000

2328	1230.919000	1239.842000	8.923000	A3D_DEFilterWithMask_wb1 : 1239.842000

2316	1135.071000	1135.087000	0.016000	ErodeDerippleMask : 1135.087000

2320	1112.909000	1112.922000	0.013000	ErodeProfile : 1112.922000

2328	1355.819000	1362.635000	6.816000	RoughnessX : 1362.635000

2312	1467.512000	1467.656000	0.144000	ThinSawCompensate : 1467.656000

2764	1456.848000	1460.046000	3.198000	InterpolateBeltRegion:fill : 1460.046000

2328	1239.853000	1258.322000	18.469000	A3D_DetectSawMark_xy : 1258.322000

2320	1387.209000	1391.620000	4.411000	A3DDetectSawMarkxy3 : 1391.620000

2764	1501.414000	1503.744000	2.330000	thicknessSawMark : 1503.744000

